0.79827446
0.91072845
0.7971856
0.95728
0.60468036
0.46365714
0.42439336
0.8845035
0.9979424
0.5500611
0.47180033
0.85216427
0.8386046
0.6856892
0.8567254
0.22918381
0.8893404
0.9357672
0.5619771
0.9907754
0.9756364
0.9991566
0.9027272
0.5184523
0.8426118
0.7991536
0.9985078
0.5916835
0.70824265
0.009160573
0.92533576
0.8302759
0.23119432
0.5633321
0.8812824
0.9557978
0.9532601
0.96342665
0.59483725
0.33317885
0.79920924
0.65749437
0.603858
0.03484297
0.80708444
0.8706222
0.11166873
0.9385351
0.9904565
0.97492456
0.673115
0.9922346
0.918338
0.45098802
0.8679746
0.86774385
0.94206244
0.88046646
0.6405609
0.9733439
0.9949013
0.9561658
0.83564967
0.7020153
0.47107315
0.99216324
0.5077672
0.95878595
0.9754547
0.69588184
0.97281283
0.96058685
0.92231447
0.63915807
0.9134715
0.7241353
0.5786363
0.8761408
0.9671751
0.592583
0.8456055
0.99038726
0.022205723
0.70377874
0.03450965
0.9454003
0.53157336
0.96045357
0.98457146
0.7296348
0.9999931
0.9112254
0.9975746
0.99766207
0.53810924
0.8847017
0.9888644
0.9902924
0.93882436
0.90012676
0.87912464
0.9489295
0.7315576
0.8802972
0.9886551
0.69129455
0.82934386
0.94748867
0.89503515
0.9668997
0.99401253
0.9333958
0.94414824
0.713943
0.870567
0.57492006
0.99316376
0.7420715
0.86627764
0.97454345
0.6125997
0.9944026
0.96061236
0.97581154
0.98188263
0.9239802
0.6904433
0.8412875
0.00087252754
0.9660411
0.035663288
0.6194347
0.5397037
0.66482514
0.7786794
0.24745844
0.9974578
0.8822295
0.32064912
0.9785001
0.9736743
0.7017091
0.93256617
0.9515089
0.65264666
0.98977274
0.09372177
0.2571864
0.91242844
0.4168959
0.9121666
0.30329174
0.95003086
0.9876859
0.14029378
0.55217254
0.61958957
0.94525003
0.6188552
0.9718293
0.80876225
0.64674157
0.11896792
0.9854578
0.88056517
0.85162616
0.8305712
0.99351066
0.27054852
0.49268183
0.0004558125
0.24449867
0.76565284
0.5171016
0.6964127
0.9269042
0.92748505
0.89411247
0.8589821
0.922094
0.8262001
0.995308
0.7931506
0.9792923
0.983343
0.96231294
0.53150856
0.43974444
0.9922374
0.8666148
0.8415275
0.83609885
0.44022092
0.9224184
0.27365798
0.99595875
0.8883406
0.30053157
0.0012544838
0.67920154
0.5519724
0.9743473
0.68630016
0.7262126
0.8767928
0.7601762
0.6311347
0.548589
0.9521718
0.5660794
0.2259595
0.7069215
0.6750176
0.88016725
0.43779182
0.65512633
0.97991073
0.7111839
0.44927213
0.95723814
0.72779
0.9880683
0.9533175
0.8926239
0.2345291
0.81881005
0.71286505
0.8095816
0.74433637
0.8391576
0.10773396
0.92748535
0.4984728
0.8637593
0.89987737
0.90591675
0.9771114
0.970523
0.91995096
0.9830707
0.9304686
0.99924755
0.90810704
0.74685746
0.9802358
0.9996717
0.72102165
0.56094056
0.8777261
0.00014113184
0.9965287
0.9170113
0.75315803
0.86627764
0.90023446
0.48050535
0.97991
0.7630115
0.8397001
0.7871439
0.034263544
0.519031
0.1558319
0.99030566
0.6298272
0.96946454
0.94899726
0.85779613
0.7179345
0.9364768
0.013322058
0.98277825
0.996851
0.95812976
0.8392198
0.94522405
0.70652634
0.9525109
0.47398216
0.9997218
0.92364717
0.7784585
0.5805806
0.9893826
0.6669331
0.019470023
0.7821658
0.9970396
0.42815015
0.022373099
0.8303839
0.92088795
4.3855987e-05
0.003398028
0.909031
0.8922801
0.029583571
0.61557585
0.46242133
0.8824464
0.89426535
0.23026514
0.7028134
0.7355728
0.7089603
0.5844459
0.80401397
0.9961578
0.98270077
0.3106224
0.8524616
0.96182406
0.81734025
0.9905253
0.8976663
0.954782
0.6509213
0.91287595
0.60400295
0.70106363
0.040110603
0.5998448
0.19028874
0.90160155
0.87063783
0.90150493
0.97151875
0.225934
0.0029153838
0.7175642
0.96563405
0.6630389
0.91286355
0.93597376
0.2490014
0.856381
0.78918505
0.8290498
0.87983644
5.5119363e-06
0.74144363
0.0005716566
0.1683796
0.85824335
0.6325044
0.6028071
0.9608946
0.009071461
0.96436757
0.7457922
0.9343375
0.8058184
0.8270341
0.98828447
0.25158492
0.9222632
0.08713589
0.92972684
0.5157296
0.8887352
0.6582402
0.66296846
0.76442486
0.9740564
0.9834035
0.9700778
0.6369652
0.8802858
0.96287495
0.006198222
0.9973449
0.8447824
0.8360954
0.9379054
0.99739873
0.99468416
0.9976966
0.9979214
0.9941818
0.7480791
0.6595333
0.9501578
0.43778038
0.21414666
0.8966633
0.93694437
0.18999478
0.7329945
0.9994362
0.70145684
0.6601097
0.9888104
0.99821067
0.5630968
0.8834733
0.9829811
0.29923967
0.97080046
0.7477423
0.74509805
0.29496592
0.9642019
0.49660364
0.9744119
0.27886596
0.80495745
0.9215927
0.99269766
0.8273882
0.57071364
0.73193234
0.84898823
0.5530273
0.9067811
0.8771329
0.79092276
0.02096224
0.6578706
0.7542724
0.8712488
0.46925533
0.9364418
0.38203064
0.8934584
0.87565076
0.3519298
0.27732483
0.062457543
0.9010659
0.99617
0.58359253
0.42594445
0.71405095
0.9694343
0.7716609
0.96743804
0.94192225
0.595192
0.7389754
0.61923087
0.6612674
0.88566726
0.9869005
0.8859372
0.65768915
0.8596219
0.9938403
0.9987809
0.8747953
0.82342124
0.661761
0.9981887
0.940991
0.82061714
0.71306443
0.15583695
0.8487793
0.92130256
0.9496521
0.9417204
0.875305
0.54220665
0.46062335
0.8648969
0.9127546
0.26887962
0.31398413
0.016502501
0.99120516
0.5982871
0.8727832
0.8260914
0.99705005
0.96789783
0.31629214
0.9950245
0.7600417
0.9393999
0.82806534
0.95177805
0.970883
0.9805909
0.32246953
0.9280412
0.8342625
0.7094581
0.8458211
0.8043645
0.8689893
0.92610663
0.8781208
0.81599927
0.4887298
0.9211093
0.914845
0.99887854
0.6648334
0.3985616
0.8548541
0.36308742
0.7486576
0.0064750654
0.88918316
0.94633406
0.9988287
0.6770502
0.9988167
0.96391606
0.62664104
0.8768018
0.1904092
0.72825617
0.75028986
0.8728571
0.94917196
0.33656177
0.8087431
0.63087904
0.96778554
0.850802
0.4561561
0.46422988
0.9460037
0.9457763
0.89206856
0.79216963
0.9413988
0.9218817
0.54020536
0.66569436
0.9905257
0.92870367
0.8636496
0.9775648
0.44313443
0.6300542
0.9745145
0.84747255
0.84666383
0.79314786
0.31919214
0.0028837204
0.92412543
0.62139916
0.96165454
0.9918249
0.99501824
0.625306
0.97436464
0.0103290165
0.14712037
0.74520266
0.9795266
0.8221352
0.99356395
0.98587394
0.7649816
0.93543625
0.69151074
0.7047293
0.9452419
0.763079
0.83253735
0.02273599
0.7544904
0.9433254
0.6623417
0.71789527
0.0028686258
0.8550778
0.8442334
0.9900253
0.94768244
0.87087035
0.655695
0.79280424
0.96464825
0.9867756
2.0930294e-05
0.44438672
0.4743324
0.86121863
0.91300565
0.74151796
0.84593606
0.2479463
0.7139339
0.98059994
0.833138
0.96791613
0.9483327
0.47756588
0.9091672
0.27415678
0.99264044
0.9831544
0.0004793107
0.09311078
0.9416222
0.789918
0.925725
0.9992888
0.99610376
0.39299235
0.2364346
0.9534427
0.8976719
0.9944794
0.9627722
0.8600246
0.9565998
0.99933606
0.99626476
0.9634521
0.95167094
0.65552264
0.81377804
0.96608466
0.7176145
0.1490678
0.37089902
0.1036575
0.8496674
0.8025645
0.7561126
0.9180294
0.70208
0.27055308
0.9369729
0.99865377
0.0547958
0.8414837
0.98139614
0.9049797
0.90622926
0.9797862
0.885013
0.99485296
0.18877378
0.015400079
0.83916354
0.9617224
0.887168
0.92201877
0.2654671
0.9108156
0.98353106
0.8495538
0.3707731
0.70145684
0.9009467
0.9717711
0.9190024
0.97072315
0.8050743
0.82210755
0.028672224
0.56015486
0.33456132
0.86825776
0.59092396
0.99765366
0.4821161
0.96015275
0.30395192
0.8588996
0.97282267
0.9171568
0.9609641
0.96533483
0.7065006
0.9269974
0.47683305
0.97377634
0.5801436
0.4067537
0.87971264
0.75356257
0.0018256527
0.9842795
0.5940112
0.640975
0.9914209
0.44673762
0.74074674
0.96632385
0.7974391
0.97515273
0.8357383
0.94701344
0.8614638
0.6401198
0.0002815349
0.39616725
0.6969901
0.76278526
0.022161158
0.8349779
0.90362585
0.98887944
0.8624753
0.9331007
0.6791341
0.9845383
0.88033134
0.17128767
0.5887983
0.9425794
0.13173042
0.38582897
0.57347363
0.98917097
0.96643114
0.880593
0.34114587
0.9741063
0.7057822
0.58497244
0.5171265
0.015237722
0.80298257
0.87231874
0.97531724
0.9658495
0.98944294
0.50175816
0.5893508
0.96707714
0.38217604
0.8971843
0.8102495
0.9674013
0.7593778
0.8877356
0.91756934
0.9943252
0.42594445
0.9424808
0.53115916
0.97211
0.8455719
0.9651433
0.35287294
0.9054548
0.600504
0.9970968
0.9907424
0.81484574
0.2855553
0.9680738
0.885681
0.9634434
0.9157349
0.66640633
0.9602241
0.70223063
0.9373795
0.6422683
0.95331734
0.14904045
0.92697096
0.90734285
0.98560864
0.843214
0.8378068
0.99405354
0.5937046
0.7491815
0.8610393
0.2598189
0.3287292
0.7791894
0.23087123
0.26323888
0.88259035
0.061988942
0.40431508
0.5939182
0.7893143
0.9982755
0.95935
0.64107865
0.907254
0.7766039
0.79573053
0.9794105
0.80814
0.9589536
0.9249975
0.35543033
0.9145953
0.92958444
0.5441205
0.49244055
0.45505327
0.98720646
0.37081915
0.64718765
0.990851
0.005158045
0.54913396
0.609652
0.8829835
0.044718113
0.99228233
0.1722985
0.9656434
0.63568527
0.7771828
0.9774072
0.83332866
0.9112955
0.32675314
0.550656
0.43917042
0.9853253
0.8142201
0.9216772
0.8197586
0.64303285
0.7974147
0.72744566
0.84359956
0.9884122
0.9783925
0.87990844
0.13534309
0.6152871
0.016759014
0.97887737
0.9471391
0.9405663
0.0661787
0.8945098
0.5171659
0.8429214
0.9717226
0.90308523
0.7289515
0.7748292
0.8563455
0.6948235
0.5336378
0.133847
0.018812187
0.9861042
0.79431593
0.94011945
0.95710903
0.15723462
0.9828986
0.9366934
0.42642683
0.92168367
0.8171307
0.9835735
0.28724113
0.9982881
0.00029177565
0.54770535
0.986062
0.64825475
0.45898807
0.93320733
0.9610286
0.8643184
0.99277085
0.9920725
0.73815036
0.95325494
0.9669183
0.8516457
0.98282534
0.25662315
0.6426097
0.93367845
0.29157755
0.9981775
0.90961885
0.89062953
0.46630055
0.9553515
0.045675017
0.8347392
0.90293145
0.88828987
0.82571477
0.9014066
0.5333574
0.96996874
0.63520896
0.98826075
0.88772446
0.9826768
0.96537614
0.96776885
0.92212266
0.93891716
0.99487704
0.7260088
0.8357215
0.99514824
0.97576255
0.89556533
0.28819138
0.26512986
0.7825321
0.5141715
0.997414
0.9717077
0.11383811
0.44747487
0.81668645
0.4310098
0.9802776
0.22723882
0.9819094
0.76264524
4.9515016e-05
0.99863523
0.6442015
0.71571505
0.53411996
0.54228467
0.80930066
0.6835008
0.8797177
0.9080509
0.43010265
0.32174677
0.944253
0.93259066
0.8584629
0.98416674
0.7733867
0.98375285
0.91432744
0.55884653
0.24214792
0.7097573
0.8826691
0.9826537
0.46646702
0.29969376
0.9982503
0.007228916
0.39515787
0.9089479
0.86769116
0.90286434
0.8371489
0.4651286
0.9833055
0.87190104
0.6986105
0.7451389
0.9168631
0.5535891
0.7527837
0.942729
0.5675357
0.5252828
0.7260536
0.62075806
0.18193774
0.8558326
0.9966325
0.8885796
0.6782765
0.8516979
0.40632623
0.98591423
0.19143255
0.9002766
0.98427594
0.932374
0.0006114411
0.7030787
0.45681432
0.9835095
0.0015763224
0.9423705
0.03055479
0.98139966
0.36722994
0.0059440443
0.6201664
0.9967079
0.84332514
0.4452675
0.83877516
0.77695614
0.4532088
0.742807
0.90011525
0.98654467
0.86173254
0.8291077
0.3452845
0.17021142
